{
 "cells": [
  {
   "cell_type": "code",
   "execution_count": 1,
   "metadata": {},
   "outputs": [],
   "source": [
    "import numpy as np\n",
    "import cv2"
   ]
  },
  {
   "cell_type": "code",
   "execution_count": 2,
   "metadata": {},
   "outputs": [
    {
     "name": "stdout",
     "output_type": "stream",
     "text": [
      "Collecting opencv-python\n",
      "  Using cached opencv_python-4.5.3.56-cp38-cp38-manylinux2014_x86_64.whl (49.9 MB)\n",
      "Requirement already satisfied: numpy>=1.17.3 in /home/virus/.local/lib/python3.8/site-packages (from opencv-python) (1.21.2)\n",
      "Installing collected packages: opencv-python\n",
      "Successfully installed opencv-python-4.5.3.56\n",
      "Note: you may need to restart the kernel to use updated packages.\n"
     ]
    }
   ],
   "source": [
    "pip install opencv-python"
   ]
  },
  {
   "cell_type": "code",
   "execution_count": 4,
   "metadata": {},
   "outputs": [
    {
     "ename": "ModuleNotFoundError",
     "evalue": "No module named 'sklearn'",
     "output_type": "error",
     "traceback": [
      "\u001b[0;31m---------------------------------------------------------------------------\u001b[0m",
      "\u001b[0;31mModuleNotFoundError\u001b[0m                       Traceback (most recent call last)",
      "\u001b[0;32m/tmp/ipykernel_8831/2443920255.py\u001b[0m in \u001b[0;36m<module>\u001b[0;34m\u001b[0m\n\u001b[1;32m      1\u001b[0m \u001b[0;31m# import seaborn as sns\u001b[0m\u001b[0;34m\u001b[0m\u001b[0;34m\u001b[0m\u001b[0;34m\u001b[0m\u001b[0m\n\u001b[0;32m----> 2\u001b[0;31m \u001b[0;32mfrom\u001b[0m \u001b[0msklearn\u001b[0m\u001b[0;34m.\u001b[0m\u001b[0mmodel_selection\u001b[0m \u001b[0;32mimport\u001b[0m \u001b[0mtrain_test_split\u001b[0m\u001b[0;34m\u001b[0m\u001b[0;34m\u001b[0m\u001b[0m\n\u001b[0m",
      "\u001b[0;31mModuleNotFoundError\u001b[0m: No module named 'sklearn'"
     ]
    }
   ],
   "source": [
    "# import seaborn as sns\n",
    "from sklearn.model_selection import train_test_split"
   ]
  },
  {
   "cell_type": "code",
   "execution_count": 13,
   "metadata": {},
   "outputs": [],
   "source": [
    "li = [(1,2, 3), (4,5,6), (7,8,9)]"
   ]
  },
  {
   "cell_type": "code",
   "execution_count": 14,
   "metadata": {},
   "outputs": [
    {
     "data": {
      "text/plain": [
       "array([[1, 2, 3],\n",
       "       [4, 5, 6],\n",
       "       [7, 8, 9]])"
      ]
     },
     "execution_count": 14,
     "metadata": {},
     "output_type": "execute_result"
    }
   ],
   "source": [
    "arr = np.array(li)\n",
    "arr"
   ]
  },
  {
   "cell_type": "code",
   "execution_count": 15,
   "metadata": {},
   "outputs": [
    {
     "data": {
      "text/plain": [
       "numpy.ndarray"
      ]
     },
     "execution_count": 15,
     "metadata": {},
     "output_type": "execute_result"
    }
   ],
   "source": [
    "type(arr)"
   ]
  },
  {
   "cell_type": "code",
   "execution_count": 16,
   "metadata": {},
   "outputs": [],
   "source": [
    "brr = np.array(li)"
   ]
  },
  {
   "cell_type": "code",
   "execution_count": 17,
   "metadata": {},
   "outputs": [
    {
     "data": {
      "text/plain": [
       "array([[1, 2, 3],\n",
       "       [4, 5, 6],\n",
       "       [7, 8, 9]])"
      ]
     },
     "execution_count": 17,
     "metadata": {},
     "output_type": "execute_result"
    }
   ],
   "source": [
    "brr"
   ]
  },
  {
   "cell_type": "code",
   "execution_count": 11,
   "metadata": {},
   "outputs": [
    {
     "data": {
      "text/plain": [
       "array([[ 1,  4],\n",
       "       [ 9, 16],\n",
       "       [25, 36]])"
      ]
     },
     "execution_count": 11,
     "metadata": {},
     "output_type": "execute_result"
    }
   ],
   "source": [
    "arr * brr"
   ]
  },
  {
   "cell_type": "code",
   "execution_count": 18,
   "metadata": {},
   "outputs": [
    {
     "data": {
      "text/plain": [
       "array([[ 30,  36,  42],\n",
       "       [ 66,  81,  96],\n",
       "       [102, 126, 150]])"
      ]
     },
     "execution_count": 18,
     "metadata": {},
     "output_type": "execute_result"
    }
   ],
   "source": [
    "np.matmul(arr, brr)"
   ]
  },
  {
   "cell_type": "code",
   "execution_count": 43,
   "metadata": {},
   "outputs": [
    {
     "data": {
      "text/plain": [
       "0.49999999999999994"
      ]
     },
     "execution_count": 43,
     "metadata": {},
     "output_type": "execute_result"
    }
   ],
   "source": [
    "temp = (np.pi/180)*30\n",
    "np.sin(temp)"
   ]
  },
  {
   "cell_type": "code",
   "execution_count": null,
   "metadata": {},
   "outputs": [],
   "source": []
  },
  {
   "cell_type": "code",
   "execution_count": 21,
   "metadata": {},
   "outputs": [],
   "source": [
    "angle = np.sin(45)"
   ]
  },
  {
   "cell_type": "code",
   "execution_count": 28,
   "metadata": {},
   "outputs": [],
   "source": [
    "arr = [(np.cos(angle), -np.sin(angle), 0), (np.sin(angle), np.cos(angle), 0), (0, 0, 1)]"
   ]
  },
  {
   "cell_type": "code",
   "execution_count": 29,
   "metadata": {},
   "outputs": [
    {
     "data": {
      "text/plain": [
       "[(0.6593040763085178, -0.7518764093672391, 0),\n",
       " (0.7518764093672391, 0.6593040763085178, 0),\n",
       " (0, 0, 1)]"
      ]
     },
     "execution_count": 29,
     "metadata": {},
     "output_type": "execute_result"
    }
   ],
   "source": [
    "arr"
   ]
  },
  {
   "cell_type": "code",
   "execution_count": 50,
   "metadata": {},
   "outputs": [
    {
     "data": {
      "text/plain": [
       "array([[ 0.65930408, -0.75187641,  0.        ],\n",
       "       [ 0.75187641,  0.65930408,  0.        ],\n",
       "       [ 0.        ,  0.        ,  1.        ]])"
      ]
     },
     "execution_count": 50,
     "metadata": {},
     "output_type": "execute_result"
    }
   ],
   "source": [
    "# arr = np.array(arr)\n",
    "arr"
   ]
  },
  {
   "cell_type": "raw",
   "metadata": {},
   "source": [
    "[[-0.46031614  0.28513088 -0.84071959]\n",
    " [-0.83511088  0.18218881  0.51903474]\n",
    " [ 0.30116253  0.94101414  0.15425145]]\n",
    "[[-0.46031614 -0.28513088 -0.84071959]\n",
    " [ 0.83511088  0.18218881 -0.51903474]\n",
    " [ 0.30116253 -0.94101414  0.15425145]] "
   ]
  },
  {
   "cell_type": "raw",
   "metadata": {},
   "source": [
    "[[-0.46031614  0.28513088 -0.84071959]\n",
    " [-0.83511088  0.18218881  0.51903474]\n",
    " [ 0.30116253  0.94101414  0.15425145]]\n",
    "[[-0.46031614 -0.83511088  0.30116253]\n",
    " [ 0.28513088  0.18218881  0.94101414]\n",
    " [-0.84071959  0.51903474  0.15425145]]"
   ]
  },
  {
   "cell_type": "code",
   "execution_count": 32,
   "metadata": {},
   "outputs": [],
   "source": [
    "a = [[-0.46031614, 0.28513088, -0.84071959],\n",
    " [-0.83511088,  0.18218881,  0.51903474],\n",
    " [ 0.30116253 , 0.94101414 , 0.15425145]]\n",
    "b = [[-0.46031614, -0.83511088,  0.30116253],\n",
    " [ 0.28513088,  0.18218881,  0.94101414],\n",
    " [-0.84071959,  0.51903474,  0.15425145]]"
   ]
  },
  {
   "cell_type": "code",
   "execution_count": 33,
   "metadata": {},
   "outputs": [
    {
     "data": {
      "text/plain": [
       "([[-0.46031614, 0.28513088, -0.84071959],\n",
       "  [-0.83511088, 0.18218881, 0.51903474],\n",
       "  [0.30116253, 0.94101414, 0.15425145]],\n",
       " [[-0.46031614, -0.83511088, 0.30116253],\n",
       "  [0.28513088, 0.18218881, 0.94101414],\n",
       "  [-0.84071959, 0.51903474, 0.15425145]])"
      ]
     },
     "execution_count": 33,
     "metadata": {},
     "output_type": "execute_result"
    }
   ],
   "source": [
    "a,b"
   ]
  },
  {
   "cell_type": "code",
   "execution_count": 34,
   "metadata": {},
   "outputs": [],
   "source": [
    "a = np.array(a)\n",
    "b = np.array(b)"
   ]
  },
  {
   "cell_type": "code",
   "execution_count": 35,
   "metadata": {},
   "outputs": [
    {
     "data": {
      "text/plain": [
       "array([[ 0.21189095, -0.2381159 , -0.25319324],\n",
       "       [-0.2381159 ,  0.03319276,  0.48841903],\n",
       "       [-0.25319324,  0.48841903,  0.02379351]])"
      ]
     },
     "execution_count": 35,
     "metadata": {},
     "output_type": "execute_result"
    }
   ],
   "source": [
    "a*b"
   ]
  },
  {
   "cell_type": "code",
   "execution_count": 36,
   "metadata": {},
   "outputs": [
    {
     "data": {
      "text/plain": [
       "array([[ 9.99999996e-01, -1.33350062e-09,  7.07503494e-10],\n",
       "       [-1.33350062e-09,  1.00000001e+00,  2.15382003e-09],\n",
       "       [ 7.07503494e-10,  2.15382003e-09,  9.99999991e-01]])"
      ]
     },
     "execution_count": 36,
     "metadata": {},
     "output_type": "execute_result"
    }
   ],
   "source": [
    "np.matmul(a,b)"
   ]
  },
  {
   "cell_type": "code",
   "execution_count": 37,
   "metadata": {},
   "outputs": [],
   "source": [
    "c = [[-0.46031614  ,0.28513088, -0.84071959],\n",
    " [-0.83511088  ,0.18218881  ,0.51903474],\n",
    " [ 0.30116253  ,0.94101414,  0.15425145]]\n",
    "d = [[-0.46031614 ,-0.28513088 ,-0.84071959],\n",
    " [ 0.83511088  ,0.18218881 ,-0.51903474],\n",
    " [ 0.30116253 ,-0.94101414  ,0.15425145]] "
   ]
  },
  {
   "cell_type": "code",
   "execution_count": 38,
   "metadata": {},
   "outputs": [],
   "source": [
    "c = np.array(c)\n",
    "d = np.array(d)"
   ]
  },
  {
   "cell_type": "code",
   "execution_count": 39,
   "metadata": {},
   "outputs": [
    {
     "data": {
      "text/plain": [
       "array([[ 0.19681361,  0.97432702,  0.10932175],\n",
       "       [ 0.69287669, -0.21711037,  0.68759362],\n",
       "       [ 0.69367593, -0.05958129, -0.71781876]])"
      ]
     },
     "execution_count": 39,
     "metadata": {},
     "output_type": "execute_result"
    }
   ],
   "source": [
    "np.matmul(c,d)"
   ]
  },
  {
   "cell_type": "code",
   "execution_count": 44,
   "metadata": {},
   "outputs": [],
   "source": [
    "e= [[-0.1767767,  -0.91855865,  0.35355339],\n",
    " [ 0.88388348, -0.30618622, -0.35355339],\n",
    " [ 0.4330127 ,  0.25,        0.8660254 ]]\n",
    "f = [[-0.1767767  , 0.88388348,  0.4330127 ],\n",
    " [-0.91855865, -0.30618622,  0.25      ],\n",
    " [ 0.35355339 ,-0.35355339  ,0.8660254 ]]"
   ]
  },
  {
   "cell_type": "code",
   "execution_count": 45,
   "metadata": {},
   "outputs": [],
   "source": [
    "e = np.array(e)\n",
    "f = np.array(f)"
   ]
  },
  {
   "cell_type": "code",
   "execution_count": 46,
   "metadata": {},
   "outputs": [
    {
     "data": {
      "text/plain": [
       "array([[ 9.99999995e-01, -3.46760511e-09, -2.66798401e-09],\n",
       "       [-3.46760511e-09,  1.00000001e+00,  1.16409001e-09],\n",
       "       [-2.66798401e-09,  1.16409001e-09,  9.99999992e-01]])"
      ]
     },
     "execution_count": 46,
     "metadata": {},
     "output_type": "execute_result"
    }
   ],
   "source": [
    "np.matmul(e,f)"
   ]
  },
  {
   "cell_type": "code",
   "execution_count": null,
   "metadata": {},
   "outputs": [],
   "source": []
  }
 ],
 "metadata": {
  "kernelspec": {
   "display_name": "py3.8",
   "language": "python",
   "name": "py3.8"
  },
  "language_info": {
   "codemirror_mode": {
    "name": "ipython",
    "version": 3
   },
   "file_extension": ".py",
   "mimetype": "text/x-python",
   "name": "python",
   "nbconvert_exporter": "python",
   "pygments_lexer": "ipython3",
   "version": "3.8.10"
  }
 },
 "nbformat": 4,
 "nbformat_minor": 2
}
